object={
	name="tree_palm_generator_1_0"
	render_pass=Map
	clamp_to_water_level=no
	generated_content=yes
	layer="tree_high_layer"
	pdxmesh="tree_palm_01_a_mesh"
	count=25
	transform="325.678467 0.000000 1820.779419 0.000000 0.591093 0.000000 0.806603 0.696064 0.696064 0.696064
323.078308 0.000000 1816.918945 0.000000 0.805179 0.000000 -0.593032 0.926317 0.926317 0.926317
331.787964 0.000000 1823.062866 0.000000 0.840687 0.000000 0.541521 0.563994 0.563994 0.563994
328.579102 0.000000 1822.246216 0.000000 0.758049 0.000000 -0.652198 0.892700 0.892700 0.892700
323.029907 0.000000 1819.671631 0.000000 0.861455 0.000000 0.507834 0.616593 0.616593 0.616593
328.211914 0.000000 1819.340454 0.000000 0.339567 0.000000 -0.940582 0.759910 0.759910 0.759910
324.849396 0.000000 1818.294189 0.000000 0.257421 0.000000 0.966299 0.232817 0.232817 0.232817
324.831787 0.000000 1816.375610 0.000000 0.987301 0.000000 0.158861 0.643124 0.643124 0.643124
326.569733 0.000000 1818.810669 0.000000 0.797807 0.000000 -0.602913 0.869189 0.869189 0.869189
327.419922 0.000000 1820.891968 0.000000 0.474629 0.000000 -0.880186 1.012972 1.012972 1.012972
328.972412 0.000000 1820.700195 0.000000 0.980628 0.000000 0.195879 0.652867 0.652867 0.652867
327.134186 0.000000 1822.553467 0.000000 0.553940 0.000000 0.832557 0.578975 0.578975 0.578975
329.949493 0.000000 1822.727661 0.000000 0.898925 0.000000 0.438103 0.577003 0.577003 0.577003
325.320679 0.000000 1819.524414 0.000000 0.984450 0.000000 0.175664 0.637048 0.637048 0.637048
328.965057 0.000000 1823.565308 0.000000 0.473564 0.000000 -0.880759 0.992235 0.992235 0.992235
323.194824 0.000000 1818.187500 0.000000 0.410940 0.000000 0.911662 0.520350 0.520350 0.520350
325.644531 0.000000 1817.341431 0.000000 0.649571 0.000000 -0.760301 1.007942 1.007942 1.007942
326.594879 0.000000 1820.045166 0.000000 0.986749 0.000000 0.162253 0.652608 0.652608 0.652608
324.180939 0.000000 1817.333252 0.000000 0.061865 0.000000 -0.998085 1.237931 1.237931 1.237931
326.153625 0.000000 1821.920166 0.000000 0.009666 0.000000 0.999953 0.246026 0.246026 0.246026
324.053802 0.000000 1819.105225 0.000000 0.998921 0.000000 0.046439 0.683438 0.683438 0.683438
327.644684 0.000000 1824.046387 0.000000 0.972311 0.000000 -0.233690 0.705936 0.705936 0.705936
330.294708 0.000000 1824.117310 0.000000 0.232717 0.000000 -0.972544 1.097823 1.097823 1.097823
330.592346 0.000000 1825.598022 0.000000 0.930471 0.000000 -0.366367 0.811701 0.811701 0.811701
328.874329 0.000000 1824.851440 0.000000 0.030736 0.000000 -0.999528 1.225357 1.225357 1.225357
"}
