object={
	name="tree_sakura_03_generator_0"
	render_pass=Map
	clamp_to_water_level=no
	generated_content=yes
	layer="tree_high_layer"
	pdxmesh="tree_sakura_03_mesh"
	count=10
	transform="14138.794922 0.000000 4284.336914 0.000000 0.684254 0.000000 0.729243 1.000000 1.000000 1.000000
14155.349609 0.000000 4225.686523 0.000000 0.638990 0.000000 -0.769215 1.000000 1.000000 1.000000
14247.903320 0.000000 4298.474609 0.000000 0.999912 0.000000 -0.013245 1.000000 1.000000 1.000000
14235.055664 0.000000 4295.083008 0.000000 0.885991 0.000000 -0.463703 1.000000 1.000000 1.000000
14286.304688 0.000000 4371.558105 0.000000 0.981861 0.000000 -0.189603 1.000000 1.000000 1.000000
14478.791992 0.000000 4375.006348 0.000000 0.389231 0.000000 -0.921140 1.000000 1.000000 1.000000
14552.750977 0.000000 4422.329102 0.000000 0.503400 0.000000 0.864053 1.000000 1.000000 1.000000
14566.955078 0.000000 4505.071777 0.000000 0.668952 0.000000 0.743305 1.000000 1.000000 1.000000
14552.172852 0.000000 4479.445312 0.000000 0.053011 0.000000 0.998594 1.000000 1.000000 1.000000
14563.113281 0.000000 4498.830566 0.000000 0.999671 0.000000 0.025663 1.000000 1.000000 1.000000
"}
