object={
	name="tree_sakura_02_generator_0"
	render_pass=Map
	clamp_to_water_level=no
	generated_content=yes
	layer="tree_high_layer"
	pdxmesh="tree_sakura_02_mesh"
	count=41
	transform="14129.091797 0.000000 4151.929199 0.000000 0.996428 0.000000 -0.084450 1.000000 1.000000 1.000000
14154.944336 0.000000 4222.672852 0.000000 0.328562 0.000000 0.944482 1.000000 1.000000 1.000000
14140.333008 0.000000 4292.725586 0.000000 0.922834 0.000000 0.385197 1.000000 1.000000 1.000000
14141.212891 0.000000 4243.715332 0.000000 0.862769 0.000000 0.505599 1.000000 1.000000 1.000000
14136.307617 0.000000 4288.736328 0.000000 0.999305 0.000000 -0.037268 1.000000 1.000000 1.000000
14137.153320 0.000000 4291.861816 0.000000 0.771336 0.000000 -0.636428 1.000000 1.000000 1.000000
14138.883789 0.000000 4289.931641 0.000000 0.530419 0.000000 0.847736 1.000000 1.000000 1.000000
14138.143555 0.000000 4286.838379 0.000000 0.214984 0.000000 -0.976618 1.000000 1.000000 1.000000
14155.300781 0.000000 4223.695312 0.000000 0.999927 0.000000 -0.012060 1.000000 1.000000 1.000000
14232.119141 0.000000 4285.571777 0.000000 0.695658 0.000000 -0.718373 1.000000 1.000000 1.000000
14239.015625 0.000000 4294.184082 0.000000 0.872147 0.000000 0.489244 1.000000 1.000000 1.000000
14232.904297 0.000000 4282.080078 0.000000 0.554304 0.000000 -0.832314 1.000000 1.000000 1.000000
14234.911133 0.000000 4282.605957 0.000000 0.664316 0.000000 0.747451 1.000000 1.000000 1.000000
14286.905273 0.000000 4367.601562 0.000000 0.928866 0.000000 0.370416 1.000000 1.000000 1.000000
14373.162109 0.000000 4315.485840 0.000000 0.723777 0.000000 -0.690034 1.000000 1.000000 1.000000
14362.892578 0.000000 4315.280273 0.000000 0.359471 0.000000 -0.933156 1.000000 1.000000 1.000000
14371.240234 0.000000 4317.999023 0.000000 0.685433 0.000000 0.728136 1.000000 1.000000 1.000000
14356.163086 0.000000 4317.967773 0.000000 0.111837 0.000000 0.993727 1.000000 1.000000 1.000000
14357.903320 0.000000 4314.020020 0.000000 0.815557 0.000000 0.578677 1.000000 1.000000 1.000000
14356.807617 0.000000 4315.902832 0.000000 0.959510 0.000000 -0.281674 1.000000 1.000000 1.000000
14371.475586 0.000000 4319.526367 0.000000 0.962285 0.000000 -0.272045 1.000000 1.000000 1.000000
14352.110352 0.000000 4320.072266 0.000000 0.712492 0.000000 -0.701680 1.000000 1.000000 1.000000
14427.756836 0.000000 4383.065918 0.000000 0.353763 0.000000 0.935335 1.000000 1.000000 1.000000
14424.234375 0.000000 4374.668457 0.000000 0.999044 0.000000 -0.043716 1.000000 1.000000 1.000000
14426.738281 0.000000 4374.636719 0.000000 0.688478 0.000000 0.725258 1.000000 1.000000 1.000000
14388.417969 0.000000 4340.275879 0.000000 0.493940 0.000000 0.869496 1.000000 1.000000 1.000000
14482.213867 0.000000 4407.747070 0.000000 0.993277 0.000000 -0.115765 1.000000 1.000000 1.000000
14483.404297 0.000000 4404.677734 0.000000 0.999683 0.000000 -0.025185 1.000000 1.000000 1.000000
14484.959961 0.000000 4407.132324 0.000000 0.956355 0.000000 -0.292208 1.000000 1.000000 1.000000
14564.560547 0.000000 4461.762695 0.000000 0.559574 0.000000 -0.828781 1.000000 1.000000 1.000000
14557.024414 0.000000 4419.355957 0.000000 0.164575 0.000000 0.986365 1.000000 1.000000 1.000000
14554.282227 0.000000 4419.607910 0.000000 0.981631 0.000000 -0.190787 1.000000 1.000000 1.000000
14555.778320 0.000000 4421.783203 0.000000 0.998939 0.000000 0.046046 1.000000 1.000000 1.000000
14554.374023 0.000000 4422.851074 0.000000 0.343428 0.000000 -0.939179 1.000000 1.000000 1.000000
14611.993164 0.000000 4542.088867 0.000000 0.473449 0.000000 0.880821 1.000000 1.000000 1.000000
14619.666992 0.000000 4547.612793 0.000000 0.289971 0.000000 -0.957035 1.000000 1.000000 1.000000
14616.830078 0.000000 4546.921387 0.000000 0.748975 0.000000 -0.662598 1.000000 1.000000 1.000000
14711.717773 0.000000 4737.700684 0.000000 0.908263 0.000000 0.418400 1.000000 1.000000 1.000000
14643.555664 0.000000 4743.998047 0.000000 0.497613 0.000000 -0.867399 1.000000 1.000000 1.000000
14638.761719 0.000000 4741.265625 0.000000 0.998684 0.000000 0.051292 1.000000 1.000000 1.000000
14641.909180 0.000000 4740.866699 0.000000 0.999606 0.000000 -0.028067 1.000000 1.000000 1.000000
"}
