object={
	name="tree_sakura_forest_generator_0"
	render_pass=Map
	clamp_to_water_level=no
	generated_content=yes
	layer="tree_high_layer"
	pdxmesh="tree_sakura_01_mesh"
	count=70
	transform="14149.660156 0.000000 4292.390137 0.000000 0.209331 0.000000 0.977845 1.000000 1.000000 1.000000
14134.505859 0.000000 4301.216309 0.000000 0.455349 0.000000 0.890313 1.000000 1.000000 1.000000
14157.313477 0.000000 4223.845703 0.000000 0.689775 0.000000 0.724024 1.000000 1.000000 1.000000
14228.966797 0.000000 4358.988281 0.000000 0.111306 0.000000 0.993786 1.000000 1.000000 1.000000
14287.050781 0.000000 4324.960449 0.000000 0.026214 0.000000 0.999656 1.000000 1.000000 1.000000
14291.923828 0.000000 4322.938965 0.000000 0.419158 0.000000 0.907913 1.000000 1.000000 1.000000
14292.307617 0.000000 4388.824707 0.000000 0.238904 0.000000 0.971043 1.000000 1.000000 1.000000
14400.161133 0.000000 4373.635254 0.000000 0.720937 0.000000 0.693000 1.000000 1.000000 1.000000
14348.130859 0.000000 4384.713379 0.000000 0.592959 0.000000 0.805233 1.000000 1.000000 1.000000
14356.008789 0.000000 4350.120117 0.000000 0.258815 0.000000 0.965927 1.000000 1.000000 1.000000
14390.517578 0.000000 4339.543457 0.000000 0.740321 0.000000 0.672254 1.000000 1.000000 1.000000
14456.270508 0.000000 4386.919922 0.000000 0.201082 0.000000 0.979574 1.000000 1.000000 1.000000
14353.739258 0.000000 4380.703613 0.000000 0.738612 0.000000 0.674131 1.000000 1.000000 1.000000
14421.173828 0.000000 4366.331055 0.000000 0.456368 0.000000 0.889791 1.000000 1.000000 1.000000
14364.514648 0.000000 4371.386719 0.000000 0.759929 0.000000 0.650006 1.000000 1.000000 1.000000
14379.857422 0.000000 4327.842773 0.000000 0.022301 0.000000 0.999751 1.000000 1.000000 1.000000
14420.299805 0.000000 4388.824707 0.000000 0.542114 0.000000 0.840305 1.000000 1.000000 1.000000
14361.072266 0.000000 4372.412109 0.000000 0.707689 0.000000 0.706524 1.000000 1.000000 1.000000
14399.831055 0.000000 4375.977051 0.000000 0.815413 0.000000 0.578880 1.000000 1.000000 1.000000
14350.090820 0.000000 4383.996094 0.000000 0.187233 0.000000 0.982316 1.000000 1.000000 1.000000
14462.193359 0.000000 4390.596680 0.000000 0.079203 0.000000 0.996858 1.000000 1.000000 1.000000
14398.483398 0.000000 4374.567871 0.000000 0.822370 0.000000 0.568954 1.000000 1.000000 1.000000
14467.221680 0.000000 4411.256348 0.000000 0.232751 0.000000 0.972536 1.000000 1.000000 1.000000
14486.477539 0.000000 4375.174805 0.000000 0.243364 0.000000 0.969935 1.000000 1.000000 1.000000
14481.615234 0.000000 4368.574707 0.000000 0.253697 0.000000 0.967284 1.000000 1.000000 1.000000
14530.205078 0.000000 4403.953613 0.000000 0.486251 0.000000 0.873819 1.000000 1.000000 1.000000
14520.941406 0.000000 4412.632812 0.000000 0.815990 0.000000 0.578066 1.000000 1.000000 1.000000
14526.023438 0.000000 4403.919434 0.000000 0.128983 0.000000 0.991647 1.000000 1.000000 1.000000
14467.686523 0.000000 4397.495117 0.000000 0.041979 0.000000 0.999119 1.000000 1.000000 1.000000
14528.084961 0.000000 4403.752441 0.000000 0.788447 0.000000 0.615102 1.000000 1.000000 1.000000
14529.870117 0.000000 4402.011719 0.000000 0.313011 0.000000 0.949749 1.000000 1.000000 1.000000
14530.655273 0.000000 4398.454102 0.000000 0.862021 0.000000 0.506873 1.000000 1.000000 1.000000
14507.836914 0.000000 4419.942871 0.000000 0.095143 0.000000 0.995464 1.000000 1.000000 1.000000
14588.276367 0.000000 4504.362793 0.000000 0.641231 0.000000 0.767348 1.000000 1.000000 1.000000
14515.072266 0.000000 4415.646484 0.000000 0.676962 0.000000 0.736018 1.000000 1.000000 1.000000
14581.126953 0.000000 4497.464844 0.000000 0.654978 0.000000 0.755648 1.000000 1.000000 1.000000
14577.444336 0.000000 4440.963867 0.000000 0.709283 0.000000 0.704924 1.000000 1.000000 1.000000
14511.969727 0.000000 4444.518555 0.000000 0.826299 0.000000 0.563231 1.000000 1.000000 1.000000
14477.500000 0.000000 4429.665527 0.000000 0.226165 0.000000 0.974089 1.000000 1.000000 1.000000
14589.614258 0.000000 4473.025391 0.000000 0.423767 0.000000 0.905771 1.000000 1.000000 1.000000
14586.082031 0.000000 4473.950195 0.000000 0.192506 0.000000 0.981296 1.000000 1.000000 1.000000
14574.083984 0.000000 4486.566406 0.000000 0.034673 0.000000 0.999399 1.000000 1.000000 1.000000
14475.601562 0.000000 4427.309570 0.000000 0.594458 0.000000 0.804127 1.000000 1.000000 1.000000
14555.390625 0.000000 4426.811523 0.000000 0.253219 0.000000 0.967409 1.000000 1.000000 1.000000
14478.882812 0.000000 4427.563965 0.000000 0.385074 0.000000 0.922886 1.000000 1.000000 1.000000
14479.228516 0.000000 4431.622070 0.000000 0.322788 0.000000 0.946471 1.000000 1.000000 1.000000
14572.222656 0.000000 4436.187012 0.000000 0.006474 0.000000 0.999979 1.000000 1.000000 1.000000
14588.277344 0.000000 4572.918945 0.000000 0.568697 0.000000 0.822547 1.000000 1.000000 1.000000
14590.941406 0.000000 4575.132812 0.000000 0.232983 0.000000 0.972481 1.000000 1.000000 1.000000
14613.884766 0.000000 4533.679688 0.000000 0.344744 0.000000 0.938697 1.000000 1.000000 1.000000
14606.784180 0.000000 4566.975098 0.000000 0.838758 0.000000 0.544504 1.000000 1.000000 1.000000
14621.972656 0.000000 4532.398438 0.000000 0.702295 0.000000 0.711886 1.000000 1.000000 1.000000
14616.975586 0.000000 4538.820801 0.000000 0.381810 0.000000 0.924241 1.000000 1.000000 1.000000
14618.770508 0.000000 4545.215332 0.000000 0.401397 0.000000 0.915904 1.000000 1.000000 1.000000
14622.115234 0.000000 4648.046387 0.000000 0.786729 0.000000 0.617299 1.000000 1.000000 1.000000
14613.884766 0.000000 4725.648438 0.000000 0.711826 0.000000 0.702356 1.000000 1.000000 1.000000
14650.763672 0.000000 4764.258789 0.000000 0.419764 0.000000 0.907633 1.000000 1.000000 1.000000
14704.293945 0.000000 4735.229004 0.000000 0.368971 0.000000 0.929441 1.000000 1.000000 1.000000
14649.646484 0.000000 4727.871582 0.000000 0.303550 0.000000 0.952815 1.000000 1.000000 1.000000
14699.205078 0.000000 4787.430176 0.000000 0.781080 0.000000 0.624431 1.000000 1.000000 1.000000
14637.582031 0.000000 4749.395020 0.000000 0.386706 0.000000 0.922203 1.000000 1.000000 1.000000
14701.566406 0.000000 4734.844238 0.000000 0.149651 0.000000 0.988739 1.000000 1.000000 1.000000
14634.291016 0.000000 4748.895508 0.000000 0.521041 0.000000 0.853532 1.000000 1.000000 1.000000
14731.389648 0.000000 4735.354980 0.000000 0.355439 0.000000 0.934700 1.000000 1.000000 1.000000
14739.426758 0.000000 4771.296875 0.000000 0.748989 0.000000 0.662583 1.000000 1.000000 1.000000
14726.429688 0.000000 4731.030273 0.000000 0.026013 0.000000 0.999662 1.000000 1.000000 1.000000
14731.975586 0.000000 4763.594238 0.000000 0.533602 0.000000 0.845736 1.000000 1.000000 1.000000
14736.292969 0.000000 4768.617676 0.000000 0.190125 0.000000 0.981760 1.000000 1.000000 1.000000
14665.100586 0.000000 4815.070801 0.000000 0.259634 0.000000 0.965707 1.000000 1.000000 1.000000
14654.575195 0.000000 4806.609863 0.000000 0.668189 0.000000 0.743991 1.000000 1.000000 1.000000
"}
object={
	name="tree_sakura_forest_generator_1"
	render_pass=Map
	clamp_to_water_level=no
	generated_content=yes
	layer="tree_high_layer"
	pdxmesh="tree_sakura_02_mesh"
	count=56
	transform="14305.530273 0.000000 4382.579590 0.000000 0.921545 0.000000 0.388271 1.000000 1.000000 1.000000
14221.481445 0.000000 4358.196289 0.000000 0.965807 0.000000 -0.259260 1.000000 1.000000 1.000000
14429.523438 0.000000 4373.427734 0.000000 0.968646 0.000000 -0.248445 1.000000 1.000000 1.000000
14411.350586 0.000000 4378.607910 0.000000 0.999740 0.000000 0.022821 1.000000 1.000000 1.000000
14350.791016 0.000000 4338.220215 0.000000 0.924552 0.000000 -0.381055 1.000000 1.000000 1.000000
14460.285156 0.000000 4380.950195 0.000000 0.871724 0.000000 0.489998 1.000000 1.000000 1.000000
14420.853516 0.000000 4392.484863 0.000000 0.998685 0.000000 -0.051259 1.000000 1.000000 1.000000
14462.997070 0.000000 4397.051758 0.000000 0.898437 0.000000 0.439102 1.000000 1.000000 1.000000
14361.770508 0.000000 4342.178711 0.000000 0.986928 0.000000 -0.161159 1.000000 1.000000 1.000000
14350.606445 0.000000 4381.920410 0.000000 0.952799 0.000000 0.303601 1.000000 1.000000 1.000000
14403.263672 0.000000 4374.741699 0.000000 0.902670 0.000000 -0.430333 1.000000 1.000000 1.000000
14365.991211 0.000000 4374.248535 0.000000 0.994124 0.000000 -0.108245 1.000000 1.000000 1.000000
14460.866211 0.000000 4394.851562 0.000000 0.999601 0.000000 -0.028261 1.000000 1.000000 1.000000
14392.164062 0.000000 4346.566406 0.000000 0.980209 0.000000 0.197966 1.000000 1.000000 1.000000
14363.982422 0.000000 4373.345703 0.000000 0.985450 0.000000 0.169965 1.000000 1.000000 1.000000
14401.389648 0.000000 4374.964844 0.000000 0.980226 0.000000 -0.197881 1.000000 1.000000 1.000000
14391.504883 0.000000 4347.921387 0.000000 0.993215 0.000000 0.116289 1.000000 1.000000 1.000000
14477.040039 0.000000 4411.818848 0.000000 0.984680 0.000000 -0.174370 1.000000 1.000000 1.000000
14502.323242 0.000000 4401.776855 0.000000 0.942729 0.000000 -0.333560 1.000000 1.000000 1.000000
14463.253906 0.000000 4391.720703 0.000000 0.964028 0.000000 0.265801 1.000000 1.000000 1.000000
14531.184570 0.000000 4399.918945 0.000000 0.890750 0.000000 -0.454494 1.000000 1.000000 1.000000
14463.146484 0.000000 4395.451172 0.000000 0.994303 0.000000 -0.106589 1.000000 1.000000 1.000000
14463.740234 0.000000 4389.006348 0.000000 0.988042 0.000000 -0.154182 1.000000 1.000000 1.000000
14465.652344 0.000000 4392.404297 0.000000 0.912092 0.000000 -0.409986 1.000000 1.000000 1.000000
14535.985352 0.000000 4403.390137 0.000000 0.929121 0.000000 0.369776 1.000000 1.000000 1.000000
14571.235352 0.000000 4503.041504 0.000000 0.901030 0.000000 -0.433757 1.000000 1.000000 1.000000
14553.171875 0.000000 4484.393066 0.000000 0.969726 0.000000 -0.244197 1.000000 1.000000 1.000000
14501.082031 0.000000 4433.100098 0.000000 0.984378 0.000000 -0.176070 1.000000 1.000000 1.000000
14481.184570 0.000000 4426.708008 0.000000 0.906485 0.000000 -0.422238 1.000000 1.000000 1.000000
14519.818359 0.000000 4445.341309 0.000000 0.997553 0.000000 -0.069910 1.000000 1.000000 1.000000
14491.741211 0.000000 4428.879883 0.000000 0.928754 0.000000 0.370696 1.000000 1.000000 1.000000
14581.875000 0.000000 4438.727539 0.000000 0.994090 0.000000 -0.108560 1.000000 1.000000 1.000000
14567.935547 0.000000 4509.342773 0.000000 0.995408 0.000000 0.095726 1.000000 1.000000 1.000000
14496.952148 0.000000 4429.541504 0.000000 0.999903 0.000000 -0.013918 1.000000 1.000000 1.000000
14590.888672 0.000000 4508.658691 0.000000 0.957962 0.000000 -0.286896 1.000000 1.000000 1.000000
14576.886719 0.000000 4480.365234 0.000000 0.923338 0.000000 -0.383989 1.000000 1.000000 1.000000
14576.813477 0.000000 4437.582031 0.000000 0.980186 0.000000 -0.198081 1.000000 1.000000 1.000000
14578.353516 0.000000 4482.701660 0.000000 0.999455 0.000000 -0.033024 1.000000 1.000000 1.000000
14574.906250 0.000000 4436.863770 0.000000 0.945850 0.000000 -0.324603 1.000000 1.000000 1.000000
14590.616211 0.000000 4511.346680 0.000000 0.960341 0.000000 0.278829 1.000000 1.000000 1.000000
14592.996094 0.000000 4578.528809 0.000000 0.979343 0.000000 0.202208 1.000000 1.000000 1.000000
14599.470703 0.000000 4516.018555 0.000000 0.919369 0.000000 0.393395 1.000000 1.000000 1.000000
14604.115234 0.000000 4576.682129 0.000000 0.969005 0.000000 -0.247040 1.000000 1.000000 1.000000
14602.366211 0.000000 4539.507812 0.000000 0.918503 0.000000 0.395414 1.000000 1.000000 1.000000
14567.935547 0.000000 4701.311523 0.000000 0.920938 0.000000 -0.389710 1.000000 1.000000 1.000000
14621.646484 0.000000 4651.233887 0.000000 0.998970 0.000000 -0.045385 1.000000 1.000000 1.000000
14623.767578 0.000000 4651.916992 0.000000 0.987346 0.000000 0.158584 1.000000 1.000000 1.000000
14699.227539 0.000000 4790.994629 0.000000 0.991706 0.000000 0.128529 1.000000 1.000000 1.000000
14634.720703 0.000000 4750.945801 0.000000 0.959113 0.000000 -0.283023 1.000000 1.000000 1.000000
14641.060547 0.000000 4727.835449 0.000000 0.934922 0.000000 0.354855 1.000000 1.000000 1.000000
14635.971680 0.000000 4728.504883 0.000000 0.965321 0.000000 -0.261065 1.000000 1.000000 1.000000
14699.951172 0.000000 4732.569336 0.000000 0.918379 0.000000 0.395703 1.000000 1.000000 1.000000
14737.715820 0.000000 4764.641113 0.000000 0.972879 0.000000 -0.231313 1.000000 1.000000 1.000000
14730.358398 0.000000 4731.476562 0.000000 0.955472 0.000000 0.295082 1.000000 1.000000 1.000000
14734.583008 0.000000 4765.857910 0.000000 0.925998 0.000000 -0.377529 1.000000 1.000000 1.000000
14653.891602 0.000000 4811.130371 0.000000 0.909844 0.000000 -0.414950 1.000000 1.000000 1.000000
"}
object={
	name="tree_sakura_forest_generator_2"
	render_pass=Map
	clamp_to_water_level=no
	generated_content=yes
	layer="tree_high_layer"
	pdxmesh="tree_sakura_03_mesh"
	count=73
	transform="14150.800781 0.000000 4223.656250 0.000000 0.236269 0.000000 -0.971688 1.000000 1.000000 1.000000
14159.952148 0.000000 4223.979492 0.000000 0.308805 0.000000 -0.951125 1.000000 1.000000 1.000000
14146.748047 0.000000 4295.290527 0.000000 0.761054 0.000000 -0.648688 1.000000 1.000000 1.000000
14138.900391 0.000000 4305.334961 0.000000 0.122003 0.000000 -0.992530 1.000000 1.000000 1.000000
14290.310547 0.000000 4318.955566 0.000000 0.765467 0.000000 -0.643475 1.000000 1.000000 1.000000
14250.076172 0.000000 4359.187012 0.000000 0.833734 0.000000 -0.552167 1.000000 1.000000 1.000000
14282.659180 0.000000 4326.770020 0.000000 0.425845 0.000000 -0.904796 1.000000 1.000000 1.000000
14234.324219 0.000000 4361.748047 0.000000 0.696867 0.000000 -0.717201 1.000000 1.000000 1.000000
14302.956055 0.000000 4386.711914 0.000000 0.346008 0.000000 -0.938231 1.000000 1.000000 1.000000
14288.971680 0.000000 4322.540527 0.000000 0.096523 0.000000 -0.995331 1.000000 1.000000 1.000000
14305.144531 0.000000 4385.195801 0.000000 0.744972 0.000000 -0.667096 1.000000 1.000000 1.000000
14357.900391 0.000000 4341.710938 0.000000 0.314850 0.000000 -0.949142 1.000000 1.000000 1.000000
14379.466797 0.000000 4350.393066 0.000000 0.139120 0.000000 -0.990276 1.000000 1.000000 1.000000
14425.179688 0.000000 4388.408691 0.000000 0.838718 0.000000 -0.544566 1.000000 1.000000 1.000000
14391.826172 0.000000 4349.356934 0.000000 0.702627 0.000000 -0.711558 1.000000 1.000000 1.000000
14422.520508 0.000000 4380.129395 0.000000 0.417908 0.000000 -0.908489 1.000000 1.000000 1.000000
14379.754883 0.000000 4339.409668 0.000000 0.739372 0.000000 -0.673297 1.000000 1.000000 1.000000
14357.841797 0.000000 4335.216797 0.000000 0.353384 0.000000 -0.935478 1.000000 1.000000 1.000000
14346.277344 0.000000 4337.154785 0.000000 0.130875 0.000000 -0.991399 1.000000 1.000000 1.000000
14377.290039 0.000000 4363.144531 0.000000 0.612797 0.000000 -0.790240 1.000000 1.000000 1.000000
14426.282227 0.000000 4378.362305 0.000000 0.087903 0.000000 -0.996129 1.000000 1.000000 1.000000
14424.180664 0.000000 4383.460938 0.000000 0.240580 0.000000 -0.970629 1.000000 1.000000 1.000000
14461.759766 0.000000 4388.519043 0.000000 0.805587 0.000000 -0.592478 1.000000 1.000000 1.000000
14401.465820 0.000000 4377.509766 0.000000 0.753413 0.000000 -0.657547 1.000000 1.000000 1.000000
14401.687500 0.000000 4370.834473 0.000000 0.386347 0.000000 -0.922353 1.000000 1.000000 1.000000
14458.917969 0.000000 4388.028320 0.000000 0.591732 0.000000 -0.806135 1.000000 1.000000 1.000000
14390.598633 0.000000 4346.671875 0.000000 0.744800 0.000000 -0.667288 1.000000 1.000000 1.000000
14515.047852 0.000000 4412.157227 0.000000 0.636030 0.000000 -0.771665 1.000000 1.000000 1.000000
14466.786133 0.000000 4394.731445 0.000000 0.472846 0.000000 -0.881145 1.000000 1.000000 1.000000
14471.651367 0.000000 4414.437012 0.000000 0.661586 0.000000 -0.749869 1.000000 1.000000 1.000000
14503.721680 0.000000 4398.096680 0.000000 0.604115 0.000000 -0.796897 1.000000 1.000000 1.000000
14528.141602 0.000000 4401.367676 0.000000 0.441724 0.000000 -0.897151 1.000000 1.000000 1.000000
14528.723633 0.000000 4402.580078 0.000000 0.664206 0.000000 -0.747550 1.000000 1.000000 1.000000
14537.236328 0.000000 4489.912109 0.000000 0.529823 0.000000 -0.848108 1.000000 1.000000 1.000000
14561.305664 0.000000 4494.885254 0.000000 0.863467 0.000000 -0.504405 1.000000 1.000000 1.000000
14536.554688 0.000000 4501.798340 0.000000 0.516748 0.000000 -0.856138 1.000000 1.000000 1.000000
14472.887695 0.000000 4428.546875 0.000000 0.291455 0.000000 -0.956585 1.000000 1.000000 1.000000
14533.023438 0.000000 4438.006348 0.000000 0.822944 0.000000 -0.568123 1.000000 1.000000 1.000000
14555.481445 0.000000 4500.006348 0.000000 0.409772 0.000000 -0.912188 1.000000 1.000000 1.000000
14584.262695 0.000000 4482.904297 0.000000 0.821479 0.000000 -0.570238 1.000000 1.000000 1.000000
14577.428711 0.000000 4434.199219 0.000000 0.729959 0.000000 -0.683491 1.000000 1.000000 1.000000
14572.553711 0.000000 4489.801270 0.000000 0.221740 0.000000 -0.975106 1.000000 1.000000 1.000000
14464.892578 0.000000 4433.239258 0.000000 0.754271 0.000000 -0.656563 1.000000 1.000000 1.000000
14502.393555 0.000000 4419.936035 0.000000 0.230259 0.000000 -0.973129 1.000000 1.000000 1.000000
14561.624023 0.000000 4427.056641 0.000000 0.122780 0.000000 -0.992434 1.000000 1.000000 1.000000
14520.842773 0.000000 4416.875000 0.000000 0.617490 0.000000 -0.786578 1.000000 1.000000 1.000000
14584.602539 0.000000 4501.057617 0.000000 0.114897 0.000000 -0.993377 1.000000 1.000000 1.000000
14468.679688 0.000000 4430.549316 0.000000 0.813037 0.000000 -0.582212 1.000000 1.000000 1.000000
14551.508789 0.000000 4501.192383 0.000000 0.231868 0.000000 -0.972747 1.000000 1.000000 1.000000
14573.719727 0.000000 4435.881348 0.000000 0.699130 0.000000 -0.714995 1.000000 1.000000 1.000000
14548.291992 0.000000 4484.809082 0.000000 0.449547 0.000000 -0.893257 1.000000 1.000000 1.000000
14579.708984 0.000000 4436.692383 0.000000 0.687319 0.000000 -0.726356 1.000000 1.000000 1.000000
14583.938477 0.000000 4498.002930 0.000000 0.558743 0.000000 -0.829341 1.000000 1.000000 1.000000
14575.106445 0.000000 4491.331055 0.000000 0.406907 0.000000 -0.913470 1.000000 1.000000 1.000000
14574.429688 0.000000 4488.747559 0.000000 0.596554 0.000000 -0.802573 1.000000 1.000000 1.000000
14575.877930 0.000000 4435.675293 0.000000 0.457312 0.000000 -0.889306 1.000000 1.000000 1.000000
14578.732422 0.000000 4481.081543 0.000000 0.616859 0.000000 -0.787074 1.000000 1.000000 1.000000
14605.304688 0.000000 4536.837402 0.000000 0.192991 0.000000 -0.981200 1.000000 1.000000 1.000000
14608.300781 0.000000 4576.648926 0.000000 0.740811 0.000000 -0.671714 1.000000 1.000000 1.000000
14613.039062 0.000000 4587.198730 0.000000 0.039212 0.000000 -0.999231 1.000000 1.000000 1.000000
14591.227539 0.000000 4575.480957 0.000000 0.561882 0.000000 -0.827217 1.000000 1.000000 1.000000
14619.674805 0.000000 4540.966797 0.000000 0.422164 0.000000 -0.906520 1.000000 1.000000 1.000000
14567.423828 0.000000 4703.498047 0.000000 0.562151 0.000000 -0.827035 1.000000 1.000000 1.000000
14620.409180 0.000000 4649.404297 0.000000 0.785397 0.000000 -0.618992 1.000000 1.000000 1.000000
14621.468750 0.000000 4653.686035 0.000000 0.635192 0.000000 -0.772354 1.000000 1.000000 1.000000
14629.074219 0.000000 4721.053223 0.000000 0.315079 0.000000 -0.949065 1.000000 1.000000 1.000000
14619.733398 0.000000 4716.833008 0.000000 0.496223 0.000000 -0.868195 1.000000 1.000000 1.000000
14702.588867 0.000000 4786.016113 0.000000 0.557905 0.000000 -0.829905 1.000000 1.000000 1.000000
14655.896484 0.000000 4769.677246 0.000000 0.126892 0.000000 -0.991917 1.000000 1.000000 1.000000
14652.386719 0.000000 4767.793457 0.000000 0.637086 0.000000 -0.770793 1.000000 1.000000 1.000000
14732.107422 0.000000 4768.650879 0.000000 0.755936 0.000000 -0.654646 1.000000 1.000000 1.000000
14650.034180 0.000000 4805.857422 0.000000 0.050653 0.000000 -0.998716 1.000000 1.000000 1.000000
14669.082031 0.000000 4819.060547 0.000000 0.012395 0.000000 -0.999923 1.000000 1.000000 1.000000
"}
