object={
	name="tree_sakura_01_generator_0"
	render_pass=Map
	clamp_to_water_level=no
	generated_content=yes
	layer="tree_high_layer"
	pdxmesh="tree_sakura_01_mesh"
	count=196
	transform="14152.578125 0.000000 4213.845215 0.000000 0.807195 0.000000 -0.590285 1.000000 1.000000 1.000000
14146.228516 0.000000 4211.984863 0.000000 0.981332 0.000000 -0.192323 1.000000 1.000000 1.000000
14149.952148 0.000000 4216.613770 0.000000 0.990684 0.000000 -0.136181 1.000000 1.000000 1.000000
14148.370117 0.000000 4214.202148 0.000000 0.472167 0.000000 0.881509 1.000000 1.000000 1.000000
14148.005859 0.000000 4217.903809 0.000000 0.798495 0.000000 -0.602001 1.000000 1.000000 1.000000
14121.527344 0.000000 4292.581055 0.000000 0.528309 0.000000 0.849052 1.000000 1.000000 1.000000
14163.647461 0.000000 4231.884277 0.000000 0.502260 0.000000 0.864716 1.000000 1.000000 1.000000
14144.176758 0.000000 4277.650879 0.000000 0.989004 0.000000 -0.147889 1.000000 1.000000 1.000000
14134.273438 0.000000 4293.559570 0.000000 0.110981 0.000000 -0.993823 1.000000 1.000000 1.000000
14168.270508 0.000000 4234.886230 0.000000 0.885788 0.000000 0.464090 1.000000 1.000000 1.000000
14159.058594 0.000000 4228.976074 0.000000 0.011918 0.000000 0.999929 1.000000 1.000000 1.000000
14171.267578 0.000000 4259.456055 0.000000 0.134687 0.000000 0.990888 1.000000 1.000000 1.000000
14152.916016 0.000000 4268.648438 0.000000 0.864713 0.000000 -0.502267 1.000000 1.000000 1.000000
14133.399414 0.000000 4290.285645 0.000000 0.396314 0.000000 -0.918115 1.000000 1.000000 1.000000
14145.703125 0.000000 4274.850098 0.000000 0.253814 0.000000 -0.967253 1.000000 1.000000 1.000000
14160.650391 0.000000 4231.834961 0.000000 0.043442 0.000000 -0.999056 1.000000 1.000000 1.000000
14168.259766 0.000000 4259.454590 0.000000 0.898844 0.000000 0.438269 1.000000 1.000000 1.000000
14169.430664 0.000000 4237.505371 0.000000 0.243038 0.000000 0.970017 1.000000 1.000000 1.000000
14138.365234 0.000000 4293.562012 0.000000 0.391985 0.000000 -0.919972 1.000000 1.000000 1.000000
14136.274414 0.000000 4293.889160 0.000000 0.158815 0.000000 0.987308 1.000000 1.000000 1.000000
14291.916016 0.000000 4306.977539 0.000000 0.692614 0.000000 -0.721309 1.000000 1.000000 1.000000
14232.083984 0.000000 4297.335449 0.000000 0.993817 0.000000 0.111026 1.000000 1.000000 1.000000
14269.425781 0.000000 4311.830078 0.000000 0.969859 0.000000 0.243666 1.000000 1.000000 1.000000
14280.570312 0.000000 4309.829590 0.000000 0.986924 0.000000 -0.161189 1.000000 1.000000 1.000000
14230.493164 0.000000 4279.190430 0.000000 0.876840 0.000000 -0.480782 1.000000 1.000000 1.000000
14246.338867 0.000000 4305.792480 0.000000 0.977527 0.000000 0.210808 1.000000 1.000000 1.000000
14281.927734 0.000000 4306.166504 0.000000 0.955729 0.000000 -0.294249 1.000000 1.000000 1.000000
14284.275391 0.000000 4309.491211 0.000000 0.412866 0.000000 0.910792 1.000000 1.000000 1.000000
14247.737305 0.000000 4302.112305 0.000000 0.897967 0.000000 -0.440062 1.000000 1.000000 1.000000
14233.080078 0.000000 4276.427734 0.000000 0.058826 0.000000 0.998268 1.000000 1.000000 1.000000
14234.689453 0.000000 4279.066406 0.000000 0.276426 0.000000 0.961035 1.000000 1.000000 1.000000
14241.836914 0.000000 4293.762695 0.000000 0.303351 0.000000 -0.952879 1.000000 1.000000 1.000000
14248.154297 0.000000 4304.400391 0.000000 0.957267 0.000000 -0.289206 1.000000 1.000000 1.000000
14248.481445 0.000000 4300.358398 0.000000 0.047866 0.000000 0.998854 1.000000 1.000000 1.000000
14249.630859 0.000000 4302.506836 0.000000 0.431922 0.000000 -0.901911 1.000000 1.000000 1.000000
14246.573242 0.000000 4303.983887 0.000000 0.598220 0.000000 -0.801332 1.000000 1.000000 1.000000
14249.799805 0.000000 4299.513672 0.000000 0.831668 0.000000 0.555273 1.000000 1.000000 1.000000
14289.273438 0.000000 4361.732422 0.000000 0.879526 0.000000 -0.475851 1.000000 1.000000 1.000000
14242.214844 0.000000 4359.602539 0.000000 0.472678 0.000000 -0.881235 1.000000 1.000000 1.000000
14259.579102 0.000000 4360.060547 0.000000 0.289262 0.000000 0.957250 1.000000 1.000000 1.000000
14208.754883 0.000000 4350.561035 0.000000 0.975953 0.000000 0.217983 1.000000 1.000000 1.000000
14291.453125 0.000000 4371.782227 0.000000 0.998699 0.000000 0.050992 1.000000 1.000000 1.000000
14239.415039 0.000000 4366.125000 0.000000 0.556125 0.000000 0.831099 1.000000 1.000000 1.000000
14310.047852 0.000000 4358.782715 0.000000 0.963727 0.000000 0.266891 1.000000 1.000000 1.000000
14274.395508 0.000000 4323.417480 0.000000 0.242799 0.000000 -0.970077 1.000000 1.000000 1.000000
14278.900391 0.000000 4324.256836 0.000000 0.415149 0.000000 0.909753 1.000000 1.000000 1.000000
14282.422852 0.000000 4371.379883 0.000000 0.580630 0.000000 -0.814167 1.000000 1.000000 1.000000
14239.998047 0.000000 4369.761230 0.000000 0.736322 0.000000 0.676632 1.000000 1.000000 1.000000
14288.067383 0.000000 4370.941406 0.000000 0.343608 0.000000 0.939113 1.000000 1.000000 1.000000
14283.900391 0.000000 4366.374023 0.000000 0.285525 0.000000 -0.958371 1.000000 1.000000 1.000000
14242.961914 0.000000 4356.517090 0.000000 0.308261 0.000000 0.951302 1.000000 1.000000 1.000000
14221.973633 0.000000 4342.314453 0.000000 0.034324 0.000000 -0.999411 1.000000 1.000000 1.000000
14282.960938 0.000000 4364.668457 0.000000 0.015678 0.000000 0.999877 1.000000 1.000000 1.000000
14363.326172 0.000000 4310.581543 0.000000 0.992617 0.000000 -0.121288 1.000000 1.000000 1.000000
14367.933594 0.000000 4316.697754 0.000000 0.299205 0.000000 0.954189 1.000000 1.000000 1.000000
14358.270508 0.000000 4316.710449 0.000000 0.845577 0.000000 0.533854 1.000000 1.000000 1.000000
14367.697266 0.000000 4312.204590 0.000000 0.528688 0.000000 0.848816 1.000000 1.000000 1.000000
14355.829102 0.000000 4314.561035 0.000000 0.109790 0.000000 -0.993955 1.000000 1.000000 1.000000
14365.217773 0.000000 4312.144043 0.000000 0.854272 0.000000 0.519827 1.000000 1.000000 1.000000
14368.113281 0.000000 4314.463379 0.000000 0.009521 0.000000 -0.999955 1.000000 1.000000 1.000000
14460.572266 0.000000 4391.931152 0.000000 0.895819 0.000000 -0.444420 1.000000 1.000000 1.000000
14397.197266 0.000000 4339.699707 0.000000 0.658229 0.000000 -0.752818 1.000000 1.000000 1.000000
14452.593750 0.000000 4381.564453 0.000000 0.516311 0.000000 0.856401 1.000000 1.000000 1.000000
14426.722656 0.000000 4364.025879 0.000000 0.636908 0.000000 0.770940 1.000000 1.000000 1.000000
14425.729492 0.000000 4369.271484 0.000000 0.053598 0.000000 -0.998563 1.000000 1.000000 1.000000
14393.662109 0.000000 4343.934082 0.000000 0.999967 0.000000 -0.008124 1.000000 1.000000 1.000000
14369.495117 0.000000 4343.764648 0.000000 0.832120 0.000000 0.554596 1.000000 1.000000 1.000000
14396.749023 0.000000 4335.350098 0.000000 0.996577 0.000000 0.082669 1.000000 1.000000 1.000000
14358.756836 0.000000 4319.306152 0.000000 0.628138 0.000000 0.778102 1.000000 1.000000 1.000000
14393.904297 0.000000 4337.956055 0.000000 0.698700 0.000000 0.715415 1.000000 1.000000 1.000000
14457.291016 0.000000 4390.424316 0.000000 0.855500 0.000000 -0.517803 1.000000 1.000000 1.000000
14428.557617 0.000000 4388.920898 0.000000 0.408368 0.000000 -0.912817 1.000000 1.000000 1.000000
14426.175781 0.000000 4372.310547 0.000000 0.255916 0.000000 -0.966699 1.000000 1.000000 1.000000
14427.914062 0.000000 4367.159180 0.000000 0.513394 0.000000 0.858153 1.000000 1.000000 1.000000
14384.710938 0.000000 4336.974121 0.000000 0.512875 0.000000 0.858464 1.000000 1.000000 1.000000
14424.225586 0.000000 4371.003906 0.000000 0.974790 0.000000 0.223123 1.000000 1.000000 1.000000
14427.097656 0.000000 4370.357422 0.000000 0.021694 0.000000 0.999765 1.000000 1.000000 1.000000
14392.689453 0.000000 4342.479004 0.000000 0.579321 0.000000 0.815099 1.000000 1.000000 1.000000
14425.633789 0.000000 4370.967285 0.000000 0.224345 0.000000 0.974510 1.000000 1.000000 1.000000
14536.554688 0.000000 4405.813965 0.000000 0.480000 0.000000 -0.877269 1.000000 1.000000 1.000000
14528.102539 0.000000 4398.003418 0.000000 0.393047 0.000000 -0.919518 1.000000 1.000000 1.000000
14534.913086 0.000000 4399.850098 0.000000 0.555600 0.000000 -0.831450 1.000000 1.000000 1.000000
14532.644531 0.000000 4395.644043 0.000000 0.886746 0.000000 -0.462257 1.000000 1.000000 1.000000
14482.578125 0.000000 4372.992676 0.000000 0.743033 0.000000 -0.669254 1.000000 1.000000 1.000000
14473.231445 0.000000 4399.377930 0.000000 0.808678 0.000000 -0.588252 1.000000 1.000000 1.000000
14537.912109 0.000000 4402.150879 0.000000 0.311328 0.000000 -0.950302 1.000000 1.000000 1.000000
14488.888672 0.000000 4378.064453 0.000000 0.073893 0.000000 -0.997266 1.000000 1.000000 1.000000
14473.808594 0.000000 4411.505371 0.000000 0.091070 0.000000 0.995844 1.000000 1.000000 1.000000
14558.683594 0.000000 4414.225098 0.000000 0.316275 0.000000 0.948667 1.000000 1.000000 1.000000
14470.337891 0.000000 4411.372070 0.000000 0.297885 0.000000 -0.954602 1.000000 1.000000 1.000000
14583.938477 0.000000 4402.018555 0.000000 0.487100 0.000000 0.873346 1.000000 1.000000 1.000000
14536.702148 0.000000 4408.588867 0.000000 0.277960 0.000000 -0.960593 1.000000 1.000000 1.000000
14532.976562 0.000000 4398.185059 0.000000 0.447590 0.000000 0.894239 1.000000 1.000000 1.000000
14468.915039 0.000000 4413.291504 0.000000 0.948051 0.000000 0.318119 1.000000 1.000000 1.000000
14475.492188 0.000000 4410.587891 0.000000 0.376799 0.000000 0.926295 1.000000 1.000000 1.000000
14468.756836 0.000000 4410.466309 0.000000 0.825460 0.000000 -0.564460 1.000000 1.000000 1.000000
14533.916992 0.000000 4396.778320 0.000000 0.304179 0.000000 0.952615 1.000000 1.000000 1.000000
14561.280273 0.000000 4416.585449 0.000000 0.916574 0.000000 0.399865 1.000000 1.000000 1.000000
14525.189453 0.000000 4435.684082 0.000000 0.350018 0.000000 0.936743 1.000000 1.000000 1.000000
14560.115234 0.000000 4451.997559 0.000000 0.342219 0.000000 0.939620 1.000000 1.000000 1.000000
14537.108398 0.000000 4431.133301 0.000000 0.686548 0.000000 0.727085 1.000000 1.000000 1.000000
14577.993164 0.000000 4493.077148 0.000000 0.863651 0.000000 0.504090 1.000000 1.000000 1.000000
14561.514648 0.000000 4478.563965 0.000000 0.274571 0.000000 -0.961567 1.000000 1.000000 1.000000
14556.830078 0.000000 4424.288086 0.000000 0.991700 0.000000 -0.128577 1.000000 1.000000 1.000000
14572.074219 0.000000 4463.155273 0.000000 0.717886 0.000000 -0.696161 1.000000 1.000000 1.000000
14563.394531 0.000000 4502.005371 0.000000 0.986293 0.000000 -0.165003 1.000000 1.000000 1.000000
14518.509766 0.000000 4435.527832 0.000000 0.072061 0.000000 -0.997400 1.000000 1.000000 1.000000
14537.918945 0.000000 4483.780273 0.000000 0.994266 0.000000 0.106932 1.000000 1.000000 1.000000
14560.050781 0.000000 4458.125977 0.000000 0.198123 0.000000 -0.980177 1.000000 1.000000 1.000000
14552.247070 0.000000 4426.854980 0.000000 0.990436 0.000000 0.137974 1.000000 1.000000 1.000000
14556.246094 0.000000 4429.838379 0.000000 0.407186 0.000000 0.913345 1.000000 1.000000 1.000000
14469.689453 0.000000 4415.864746 0.000000 0.981879 0.000000 -0.189511 1.000000 1.000000 1.000000
14548.428711 0.000000 4428.770996 0.000000 0.979883 0.000000 -0.199572 1.000000 1.000000 1.000000
14573.912109 0.000000 4469.124023 0.000000 0.772235 0.000000 -0.635337 1.000000 1.000000 1.000000
14571.289062 0.000000 4511.263672 0.000000 0.253025 0.000000 0.967460 1.000000 1.000000 1.000000
14567.928711 0.000000 4463.868652 0.000000 0.009665 0.000000 0.999953 1.000000 1.000000 1.000000
14580.477539 0.000000 4481.583496 0.000000 0.999846 0.000000 -0.017565 1.000000 1.000000 1.000000
14563.676758 0.000000 4457.566895 0.000000 0.307072 0.000000 -0.951686 1.000000 1.000000 1.000000
14559.299805 0.000000 4422.041016 0.000000 0.551621 0.000000 -0.834095 1.000000 1.000000 1.000000
14545.701172 0.000000 4426.997559 0.000000 0.901854 0.000000 0.432040 1.000000 1.000000 1.000000
14527.436523 0.000000 4433.326660 0.000000 0.756527 0.000000 -0.653963 1.000000 1.000000 1.000000
14579.637695 0.000000 4490.203613 0.000000 0.273316 0.000000 0.961924 1.000000 1.000000 1.000000
14548.762695 0.000000 4431.825684 0.000000 0.037110 0.000000 -0.999311 1.000000 1.000000 1.000000
14538.363281 0.000000 4433.864258 0.000000 0.999234 0.000000 -0.039145 1.000000 1.000000 1.000000
14560.164062 0.000000 4429.459961 0.000000 0.912619 0.000000 -0.408811 1.000000 1.000000 1.000000
14587.076172 0.000000 4501.954590 0.000000 0.951738 0.000000 -0.306911 1.000000 1.000000 1.000000
14550.878906 0.000000 4429.563477 0.000000 0.650189 0.000000 -0.759773 1.000000 1.000000 1.000000
14538.246094 0.000000 4428.874512 0.000000 0.608154 0.000000 -0.793819 1.000000 1.000000 1.000000
14568.774414 0.000000 4502.261719 0.000000 0.940678 0.000000 0.339300 1.000000 1.000000 1.000000
14548.572266 0.000000 4426.219727 0.000000 0.967752 0.000000 0.251907 1.000000 1.000000 1.000000
14552.743164 0.000000 4481.853516 0.000000 0.633030 0.000000 -0.774127 1.000000 1.000000 1.000000
14560.991211 0.000000 4501.460449 0.000000 0.269487 0.000000 0.963004 1.000000 1.000000 1.000000
14563.162109 0.000000 4459.895996 0.000000 0.887493 0.000000 0.460821 1.000000 1.000000 1.000000
14546.208984 0.000000 4429.231445 0.000000 0.998192 0.000000 -0.060107 1.000000 1.000000 1.000000
14569.124023 0.000000 4504.585938 0.000000 0.956947 0.000000 -0.290262 1.000000 1.000000 1.000000
14524.143555 0.000000 4433.667969 0.000000 0.632750 0.000000 0.774356 1.000000 1.000000 1.000000
14554.100586 0.000000 4480.154297 0.000000 0.427789 0.000000 0.903878 1.000000 1.000000 1.000000
14559.806641 0.000000 4479.360352 0.000000 0.978379 0.000000 -0.206820 1.000000 1.000000 1.000000
14564.958984 0.000000 4459.161621 0.000000 0.049447 0.000000 -0.998777 1.000000 1.000000 1.000000
14571.271484 0.000000 4504.893555 0.000000 0.192346 0.000000 -0.981327 1.000000 1.000000 1.000000
14565.472656 0.000000 4457.404785 0.000000 0.923834 0.000000 0.382793 1.000000 1.000000 1.000000
14557.500977 0.000000 4422.326660 0.000000 0.126363 0.000000 0.991984 1.000000 1.000000 1.000000
14525.785156 0.000000 4432.729492 0.000000 0.226523 0.000000 0.974006 1.000000 1.000000 1.000000
14547.383789 0.000000 4427.415527 0.000000 0.094110 0.000000 -0.995562 1.000000 1.000000 1.000000
14561.309570 0.000000 4430.758301 0.000000 0.580358 0.000000 -0.814361 1.000000 1.000000 1.000000
14552.815430 0.000000 4485.872070 0.000000 0.943220 0.000000 0.332168 1.000000 1.000000 1.000000
14569.856445 0.000000 4503.212891 0.000000 0.183444 0.000000 0.983030 1.000000 1.000000 1.000000
14546.778320 0.000000 4426.222656 0.000000 0.363421 0.000000 -0.931625 1.000000 1.000000 1.000000
14588.276367 0.000000 4600.347168 0.000000 0.061818 0.000000 0.998087 1.000000 1.000000 1.000000
14587.710938 0.000000 4565.401367 0.000000 0.865688 0.000000 -0.500584 1.000000 1.000000 1.000000
14573.427734 0.000000 4514.080078 0.000000 0.961772 0.000000 0.273853 1.000000 1.000000 1.000000
14578.873047 0.000000 4526.112305 0.000000 0.996755 0.000000 0.080493 1.000000 1.000000 1.000000
14586.306641 0.000000 4548.216309 0.000000 0.986804 0.000000 0.161921 1.000000 1.000000 1.000000
14570.621094 0.000000 4512.229492 0.000000 0.948740 0.000000 0.316057 1.000000 1.000000 1.000000
14584.884766 0.000000 4549.036621 0.000000 0.870691 0.000000 -0.491830 1.000000 1.000000 1.000000
14616.060547 0.000000 4585.288574 0.000000 0.905309 0.000000 0.424754 1.000000 1.000000 1.000000
14622.955078 0.000000 4540.487793 0.000000 0.870128 0.000000 0.492825 1.000000 1.000000 1.000000
14610.570312 0.000000 4593.609863 0.000000 0.984290 0.000000 0.176557 1.000000 1.000000 1.000000
14598.644531 0.000000 4570.345703 0.000000 0.168809 0.000000 0.985649 1.000000 1.000000 1.000000
14600.879883 0.000000 4524.531250 0.000000 0.262292 0.000000 0.964989 1.000000 1.000000 1.000000
14611.434570 0.000000 4579.328125 0.000000 0.997817 0.000000 0.066033 1.000000 1.000000 1.000000
14609.636719 0.000000 4586.329590 0.000000 0.964487 0.000000 0.264131 1.000000 1.000000 1.000000
14617.647461 0.000000 4579.582031 0.000000 0.127465 0.000000 0.991843 1.000000 1.000000 1.000000
14602.261719 0.000000 4529.123535 0.000000 0.195715 0.000000 0.980661 1.000000 1.000000 1.000000
14607.458008 0.000000 4540.957520 0.000000 0.992906 0.000000 -0.118905 1.000000 1.000000 1.000000
14612.304688 0.000000 4583.329590 0.000000 0.990239 0.000000 -0.139382 1.000000 1.000000 1.000000
14612.672852 0.000000 4575.572266 0.000000 0.815845 0.000000 -0.578270 1.000000 1.000000 1.000000
14607.303711 0.000000 4595.413574 0.000000 0.502096 0.000000 -0.864812 1.000000 1.000000 1.000000
14610.080078 0.000000 4590.031738 0.000000 0.941009 0.000000 -0.338382 1.000000 1.000000 1.000000
14608.793945 0.000000 4582.689453 0.000000 0.849758 0.000000 -0.527173 1.000000 1.000000 1.000000
14614.731445 0.000000 4581.069336 0.000000 0.053710 0.000000 -0.998557 1.000000 1.000000 1.000000
14606.623047 0.000000 4543.895996 0.000000 0.939213 0.000000 -0.343336 1.000000 1.000000 1.000000
14594.195312 0.000000 4575.608398 0.000000 0.867542 0.000000 0.497364 1.000000 1.000000 1.000000
14609.334961 0.000000 4543.203613 0.000000 0.834271 0.000000 -0.551355 1.000000 1.000000 1.000000
14610.860352 0.000000 4581.575195 0.000000 0.839588 0.000000 0.543224 1.000000 1.000000 1.000000
14609.445312 0.000000 4595.633301 0.000000 0.811073 0.000000 -0.584944 1.000000 1.000000 1.000000
14610.935547 0.000000 4588.016113 0.000000 0.346275 0.000000 0.938133 1.000000 1.000000 1.000000
14606.699219 0.000000 4583.419434 0.000000 0.921704 0.000000 -0.387893 1.000000 1.000000 1.000000
14594.910156 0.000000 4578.453125 0.000000 0.756262 0.000000 0.654269 1.000000 1.000000 1.000000
14609.176758 0.000000 4714.661133 0.000000 0.411945 0.000000 -0.911209 1.000000 1.000000 1.000000
14709.867188 0.000000 4726.680664 0.000000 0.894265 0.000000 0.447538 1.000000 1.000000 1.000000
14621.972656 0.000000 4724.367188 0.000000 0.055059 0.000000 0.998483 1.000000 1.000000 1.000000
14642.019531 0.000000 4750.857910 0.000000 0.281639 0.000000 0.959520 1.000000 1.000000 1.000000
14705.420898 0.000000 4722.152344 0.000000 0.963736 0.000000 0.266858 1.000000 1.000000 1.000000
14705.436523 0.000000 4728.916992 0.000000 0.150050 0.000000 0.988678 1.000000 1.000000 1.000000
14627.676758 0.000000 4752.951172 0.000000 0.940481 0.000000 -0.339846 1.000000 1.000000 1.000000
14621.501953 0.000000 4720.451172 0.000000 0.414538 0.000000 -0.910032 1.000000 1.000000 1.000000
14638.394531 0.000000 4752.463867 0.000000 0.861324 0.000000 -0.508057 1.000000 1.000000 1.000000
14704.805664 0.000000 4725.535156 0.000000 0.990459 0.000000 -0.137805 1.000000 1.000000 1.000000
14707.701172 0.000000 4724.645508 0.000000 0.126961 0.000000 0.991908 1.000000 1.000000 1.000000
14702.346680 0.000000 4726.284180 0.000000 0.389563 0.000000 0.921000 1.000000 1.000000 1.000000
14624.636719 0.000000 4725.222168 0.000000 0.006426 0.000000 0.999979 1.000000 1.000000 1.000000
14707.096680 0.000000 4727.083984 0.000000 0.945104 0.000000 0.326770 1.000000 1.000000 1.000000
14645.194336 0.000000 4745.673340 0.000000 0.327599 0.000000 0.944817 1.000000 1.000000 1.000000
14623.214844 0.000000 4722.092285 0.000000 0.331626 0.000000 0.943411 1.000000 1.000000 1.000000
14704.030273 0.000000 4727.460938 0.000000 0.426343 0.000000 0.904562 1.000000 1.000000 1.000000
"}
